                              OLS Regression Results                              
==================================================================================
Dep. Variable:     TOT_MDCR_STDZD_PYMT_PC   R-squared:                       0.776
Model:                                OLS   Adj. R-squared:                  0.772
Method:                     Least Squares   F-statistic:                     141.7
Date:                    Sat, 14 Dec 2024   Prob (F-statistic):               0.00
Time:                            12:46:10   Log-Likelihood:                -23181.
No. Observations:                    2874   AIC:                         4.648e+04
Df Residuals:                        2816   BIC:                         4.682e+04
Df Model:                              57                                         
Covariance Type:                      HC3                                         
===========================================================================================================
                                              coef    std err          z      P>|z|      [0.025      0.975]
-----------------------------------------------------------------------------------------------------------
const                                    9699.1782    268.176     36.167      0.000    9173.562    1.02e+04
HOSPC_MDCR_STDZD_PYMT_PCT                 -85.7956     22.935     -3.741      0.000    -130.747     -40.844
AMBLNC_MDCR_STDZD_PYMT_PCT               -131.1067     25.988     -5.045      0.000    -182.042     -80.171
TRTMNTS_MDCR_PYMT_PCT                      42.3284     19.382      2.184      0.029       4.340      80.317
ASC_MDCR_STDZD_PYMT_PCT                   -47.0971     20.416     -2.307      0.021     -87.113      -7.082
TESTS_MDCR_STDZD_PYMT_PCT                -226.3255     35.156     -6.438      0.000    -295.231    -157.420
FQHC_RHC_MDCR_STDZD_PYMT_PCT              109.9687     19.836      5.544      0.000      71.092     148.846
EstimateHouseholdsMedian_income_dollars    70.0581     17.586      3.984      0.000      35.590     104.527
BENES_WTH_PTAPTB_CNT                       85.2744     19.002      4.488      0.000      48.031     122.518
SNF_CVRD_STAYS_PER_1000_BENES             522.6765     24.956     20.944      0.000     473.763     571.590
HH_EPISODES_PER_1000_BENES                372.2898     37.176     10.014      0.000     299.426     445.153
BENE_AVG_RISK_SCRE                        517.8037     29.319     17.661      0.000     460.340     575.268
mode_medicare_pricing_for_new_patient     140.5638     32.335      4.347      0.000      77.188     203.940
STATE_AL                                 1968.0997    306.371      6.424      0.000    1367.623    2568.576
STATE_AR                                 1941.5685    315.956      6.145      0.000    1322.307    2560.830
STATE_AZ                                 1633.5712    349.961      4.668      0.000     947.659    2319.483
STATE_CA                                  110.5796    254.480      0.435      0.664    -388.191     609.350
STATE_CO                                  726.1284    270.815      2.681      0.007     195.340    1256.916
STATE_FL                                 1667.2096    273.350      6.099      0.000    1131.453    2202.966
STATE_GA                                 2089.7469    289.077      7.229      0.000    1523.167    2656.326
STATE_IA                                  865.0810    296.285      2.920      0.004     284.373    1445.789
STATE_ID                                  953.9285    311.790      3.060      0.002     342.832    1565.025
STATE_IL                                  883.5549    266.138      3.320      0.001     361.933    1405.177
STATE_IN                                  982.1024    293.665      3.344      0.001     406.529    1557.676
STATE_KS                                 1570.4722    306.461      5.125      0.000     969.820    2171.125
STATE_KY                                 1058.7218    291.506      3.632      0.000     487.380    1630.064
STATE_LA                                 2629.9924    304.443      8.639      0.000    2033.296    3226.689
STATE_MA                                  104.3883    324.126      0.322      0.747    -530.887     739.664
STATE_MD                                 1149.5259    258.696      4.444      0.000     642.490    1656.561
STATE_ME                                   68.8827    303.854      0.227      0.821    -526.660     664.425
STATE_MI                                  310.5345    270.747      1.147      0.251    -220.121     841.190
STATE_MN                                  780.2977    276.810      2.819      0.005     237.761    1322.835
STATE_MO                                 1074.9673    293.702      3.660      0.000     499.322    1650.613
STATE_MS                                 2500.5504    317.152      7.884      0.000    1878.944    3122.157
STATE_MT                                  149.7004    277.619      0.539      0.590    -394.423     693.824
STATE_NC                                  865.1859    280.194      3.088      0.002     316.016    1414.356
STATE_ND                                  747.9624    318.321      2.350      0.019     124.064    1371.860
STATE_NE                                 1805.4781    305.389      5.912      0.000    1206.927    2404.029
STATE_NH                                   67.4662    266.516      0.253      0.800    -454.896     589.828
STATE_NJ                                 1010.8188    251.703      4.016      0.000     517.490    1504.148
STATE_NM                                  672.3235    298.938      2.249      0.025      86.416    1258.231
STATE_NV                                  897.0990    374.121      2.398      0.016     163.836    1630.362
STATE_NY                                  311.6345    272.235      1.145      0.252    -221.936     845.205
STATE_OH                                  774.2910    275.237      2.813      0.005     234.836    1313.746
STATE_OK                                 2145.5041    304.216      7.053      0.000    1549.252    2741.757
STATE_OR                                  276.8690    290.289      0.954      0.340    -292.088     845.826
STATE_PA                                  576.9206    274.784      2.100      0.036      38.354    1115.487
STATE_SC                                 2029.2200    284.545      7.131      0.000    1471.522    2586.918
STATE_SD                                  816.2921    300.492      2.717      0.007     227.339    1405.245
STATE_TN                                 1369.0173    296.994      4.610      0.000     786.919    1951.115
STATE_TX                                 2176.9670    278.101      7.828      0.000    1631.899    2722.035
STATE_UT                                  619.7974    301.212      2.058      0.040      29.432    1210.163
STATE_VA                                  642.3268    261.897      2.453      0.014     129.019    1155.635
STATE_VT                                 -684.1159    288.447     -2.372      0.018   -1249.461    -118.771
STATE_WA                                   86.0612    307.737      0.280      0.780    -517.093     689.216
STATE_WI                                  297.8815    287.292      1.037      0.300    -265.200     860.963
STATE_WV                                  929.1355    284.284      3.268      0.001     371.949    1486.322
STATE_WY                                  782.6260    302.487      2.587      0.010     189.763    1375.489
==============================================================================
Omnibus:                     1215.533   Durbin-Watson:                   2.004
Prob(Omnibus):                  0.000   Jarque-Bera (JB):            20898.035
Skew:                           1.555   Prob(JB):                         0.00
Kurtosis:                      15.839   Cond. No.                         156.
==============================================================================

Notes:
[1] Standard Errors are heteroscedasticity robust (HC3)